0.78125,0.6342932429888952,0.8,0.177187818125168
0.359375,0.5972143798230755,0.6,0.5674903372818055
0.453125,0.4899303594955769,0.0,0.05859243565707408
0.296875,0.4094673442499529,0.0,0.025517822300719414
0.328125,0.7432712215320911,0.0,0.03178548683540504
0.65625,0.4631093544137022,0.4,0.3333736124001906
0.375,0.7432712215320911,0.0,0.038904852569139906
0.734375,0.6022962544701674,0.2,0.13409580689436554
0.921875,0.5238095238095237,0.6,0.21955767174409466
0.96875,0.7515527950310559,0.0,0.20358769895607604
0.828125,0.6258234519104084,0.0,0.1656705910511263
0.390625,0.5702992659514399,0.0,0.04128860479950227
0.296875,0.3896103896103896,0.0,0.019488907927748437
0.671875,0.5149632975719932,0.6,0.1349562433335156
0.625,0.7760210803689064,0.2,0.10365478022138179
0.8125,0.5149632975719932,0.0,0.3825224819907869
0.453125,0.48748353096179176,0.0,0.05258368345080204
0.46875,0.6687370600414079,0.0,0.579426198836328
0.640625,0.5757575757575757,0.4,0.11379448635442833
0.796875,0.6901938641069075,0.4,0.17011230186974557
0.953125,0.47204968944099374,0.0,0.3843959030062655
0.515625,0.6305288913984566,0.0,0.5814508880853911
0.625,0.47204968944099374,0.0,0.08492433513462942
0.640625,0.6314699792960662,0.0,0.08938057463102167
0.328125,0.48560135516657255,0.0,0.031487086768260814
0.65625,0.5882740447957838,0.0,0.09971356079032219
0.359375,0.6169772256728778,0.4,0.5648544681925525
0.515625,0.6830415960850743,0.6,0.10273962876605758
0.796875,0.7101449275362318,0.2,0.15489323199228125
0.75,0.5590062111801242,0.0,0.12215121088380476
0.9375,0.6776773950686994,0.0,0.20744485120792275
1.0,0.4472049689440994,0.0,0.4222413937033257
0.765625,0.4362883493318276,0.4,0.1592710526955737
0.828125,0.3933747412008281,0.0,0.33237691295840494
0.296875,0.3820816864295125,0.0,0.01948018915295971
0.4375,0.6365518539431583,0.0,0.308502488440488
0.640625,0.6728778467908902,0.2,0.6315410881934898
0.359375,0.64746847355543,0.0,0.02864718109957688
0.859375,0.6168831168831168,0.4,0.19238748480841503
0.78125,0.5947675512892904,0.4,0.15866953250514965
0.8125,0.5811217767739506,0.0,0.3613832755895282
0.65625,0.6738189346884998,0.4,0.11227922131677096
0.625,0.5292678336156597,0.2,0.35018687339683735
0.296875,0.7456239412761152,0.2,0.04281150268541219
0.546875,0.4917184265010352,0.0,0.08198139659937967
0.734375,0.6383399209486166,0.6,0.15861597868550983
0.921875,0.479201957462827,0.0,0.1901350324651835
0.578125,0.5274797666102014,0.4,0.09728493195979726
1.0,0.6361754187841143,0.2,0.7515714022255626
0.90625,0.6562205910031997,0.0,0.1873061656121696
0.328125,0.5453604366647845,0.0,0.029894079583424767
0.28125,0.5652173913043478,0.2,0.026977295804416223
0.28125,0.479201957462827,0.0,0.026783596304734918
0.296875,0.5650291737248259,0.0,0.5223040183261269
0.296875,0.5757575757575757,0.0,0.02571039823886545
0.640625,0.4094673442499529,0.2,0.2152325500755252
0.3125,0.6211180124223602,0.2,0.0310499719351029
0.5625,0.5928853754940712,0.0,0.06903251455846705
0.890625,0.5610766045548654,0.0,0.4317661612006483
0.46875,0.5341614906832298,0.2,0.30612885641819293
0.390625,0.48447204968944096,0.0,0.03352107970272348
0.359375,0.6901938641069075,0.4,0.60391045664553
0.65625,0.49275362318840576,0.2,0.11050140982110056
0.4375,0.45736871823828346,1.0,0.08805600299749344
0.40625,0.5548654244306418,0.2,0.05319652550345177
0.59375,0.5239036325992847,0.4,0.11204037471537114
0.84375,0.6741012610577827,0.6,0.19594177489353812
0.53125,0.8074534161490683,0.2,0.07113420972003917
0.65625,0.4906832298136646,0.2,0.5997386949324318
0.953125,0.6079427818558253,0.4,0.22141328575975477
0.5,0.4630152456239413,0.0,0.2743639418141644
0.28125,0.756352343308865,0.0,0.034772687265832256
0.53125,0.6007905138339921,0.2,0.5912125412438485
0.3125,0.557124035384905,0.0,0.02940773738739722
0.734375,0.6894409937888198,0.2,0.6738209863239712
0.96875,0.5739695087521174,0.4,0.23552860657677746
0.859375,0.5453604366647845,0.0,0.16930026325536024
0.28125,0.6705251270468662,0.0,0.034673293233240754
0.5625,0.5185394315829098,0.6,0.10579735326446338
0.859375,0.5203274985883681,0.0,0.16613502340518477
0.984375,0.5797101449275363,0.0,0.20998069823053708
0.90625,0.7152268021833239,0.0,0.17823233048110756
0.765625,0.481837003576134,0.4,0.3654757812876094
0.953125,0.5864859777903256,0.0,0.21058405626341664
0.640625,0.6060606060606061,0.2,0.10625553585648578
0.84375,0.47242612460003763,0.6,0.39802613518635527
0.484375,0.6894409937888198,0.4,0.07761840173354044
0.28125,0.32542819499341236,0.4,0.2011818879118732
0.515625,0.4666854884246189,0.0,0.280765357999359
0.421875,0.6240353849049501,0.4,0.06364568306431224
0.6875,0.47741389045736865,0.2,0.11789203216294987
0.40625,0.5525127046866177,0.4,0.07157222544098775
0.78125,0.6437041219649916,0.4,0.6720487746025401
0.5,0.5652173913043478,0.2,0.0638925255348933
0.484375,0.7170148691887822,0.2,0.9184676394333644
0.734375,0.681159420289855,0.0,0.6535330309130851
0.453125,0.6043666478449087,0.4,0.06952934202205302
0.40625,0.3914925654056089,0.0,0.0361029410001603
0.734375,0.5203274985883681,0.4,0.3847504135639876
0.328125,0.5838509316770186,0.0,0.26009701091231546
0.765625,0.5632411067193676,0.0,0.1409455609830711
0.640625,0.5793337097684924,0.6,0.6209368266085752
0.890625,0.5739695087521174,0.0,0.1856781492534944
0.328125,0.31648785996612083,0.2,0.04966966584422647
0.734375,0.4536043666478449,0.2,0.411422359685053
0.625,0.6419160549595331,0.2,0.10349947704545756
1.0,0.7619047619047619,0.0,0.2168891699743823
0.828125,0.6079427818558253,0.4,0.4576805154173216
0.359375,0.658008658008658,0.6,0.07004220513150042
0.5625,0.37370600414078675,0.0,0.08558898882008617
0.640625,0.7577639751552794,0.0,0.08952683207810258
0.828125,0.43064182194616973,0.2,0.36450735749107604
0.4375,0.50781102955016,0.4,0.06954781923848027
0.703125,0.4309241483154526,0.4,0.33085169267942627
0.546875,0.6419160549595331,0.6,0.6269900829853313
0.828125,0.4577451533973273,0.0,0.15467156341577765
0.359375,0.46132128740824396,0.0,0.037573777921394255
0.796875,0.42198381328816115,0.0,0.1467973023253353
0.953125,0.6749482401656314,0.0,0.7307322508905331
0.578125,0.5811217767739506,0.6,0.10658330925635573
0.765625,0.6276115189158666,0.4,0.16262886848389524
0.65625,0.6997929606625258,0.4,0.11230930108979208
0.5625,0.4166196122717862,0.6,0.11334745391494824
0.953125,0.39695087521174477,0.0,0.2103645611081104
0.46875,0.45416901938641063,0.2,0.06323057294468361
0.875,0.5417843026538679,0.0,0.18281795361592712
0.59375,0.3632599284773198,0.0,0.2480883301821201
0.296875,0.37267080745341613,0.0,0.019469290684473797
0.8125,0.8413325804630153,0.6,0.1789494810699797
0.9375,0.7701863354037267,0.0,0.7632622254372728
0.59375,0.6531150009410879,0.4,0.09537971109502671
0.296875,0.6568793525315264,0.0,0.5461568173031304
0.703125,0.5175983436853002,0.6,0.13509866985131436
0.96875,0.7378129117259552,0.0,0.21123991825627392
0.546875,0.4416525503482025,0.4,0.10039592879941218
0.921875,0.5175983436853002,0.0,0.19184171067632763
0.484375,0.44419348767174854,0.4,0.07733438764479761
0.625,0.4182194616977225,0.4,0.3049103856877187
0.671875,0.6508563899868247,0.2,0.12117298630625892
0.859375,0.6168831168831168,0.0,0.1662468416918502
0.90625,0.7888198757763975,0.0,0.3799149228887228
0.765625,0.7805383022774327,0.8,0.17213631212070016
0.84375,0.6150950498776585,0.0,0.17130092334156813
0.984375,0.5985319028797289,0.0,0.2176706262316962
0.8125,0.46790890269151136,0.0,0.4252440296581914
0.28125,0.5900621118012422,0.0,0.025437942799217537
0.625,0.479201957462827,0.2,0.11097917358952347
0.640625,0.5838509316770186,0.0,0.09699355944467025
0.859375,0.577545642763034,0.0,0.6633747564524148
0.84375,0.6329757199322417,0.2,0.16975350546968987
0.71875,0.8260869565217391,0.6,0.14025490151324452
0.390625,0.7929606625258799,0.2,0.05078271859006768
0.71875,0.6347637869377,0.2,0.1383711231892044
0.3125,0.6273291925465838,0.0,0.021820908898114826
0.78125,0.4970826275174101,0.0,0.13842168189016674
0.90625,0.5990024468285338,0.4,0.2133805460403401
0.640625,0.6222473178994918,0.4,0.12151645585293602
0.75,0.6066252587991717,0.2,0.13911074422471953
0.359375,0.6625258799171843,0.2,0.03790087467534311
0.765625,0.5900621118012422,0.2,0.1456809965042604
0.296875,0.40843214756258234,0.0,0.21709915445179398
0.875,0.5328439676265763,0.0,0.1828076000708655
0.296875,0.64746847355543,0.0,0.01978752596426238
0.859375,0.50781102955016,0.0,0.17378865950628578
0.421875,0.6149068322981367,0.0,0.03915668089303765
0.5,0.5239036325992847,0.2,0.06985059986270585
0.703125,0.5684170901562206,0.2,0.11668500952876072
0.96875,0.6043666478449087,0.0,0.2125594154374251
0.421875,0.5486542443064182,0.0,0.28612785062597856
0.28125,0.6335403726708073,0.0,0.01782016265943516
0.953125,0.44522868435911916,0.0,0.20588858911125882
0.359375,0.6562205910031997,0.0,0.04546761626792474
0.921875,0.5175983436853002,0.2,0.19340983563832911
0.859375,0.6311876529267832,0.4,0.19240405048051362
0.53125,0.6342932429888952,0.2,0.0786018089640857
0.96875,0.47054394880481837,0.0,0.21093040175127403
0.828125,0.5739695087521174,0.0,0.15794240942558166
0.671875,0.523244871070958,0.0,0.5932173482365184
0.59375,0.5274797666102014,0.2,0.09514012904301973
0.28125,0.30039525691699603,0.0,0.026576525403502617
0.828125,0.4970826275174101,0.4,0.17632588099042928
0.671875,0.4648974214191605,0.4,0.34311860031061436
0.84375,0.5495953322040278,0.2,0.163651026434439
0.546875,0.6741012610577827,0.2,0.0882926150208224
0.296875,0.6043666478449087,0.0,0.0334116606472499
0.359375,0.6154714850367025,0.6,0.056318894385291106
0.8125,0.7265198569546396,0.4,0.16191213266407556
0.640625,0.5346320346320347,0.2,0.10451060402095613
0.375,0.5614530397139093,0.0,0.29243055569700255
0.96875,0.5024468285337851,0.0,0.4406640182122246
1.0,0.6376811594202899,0.0,0.7352822093752793
0.609375,0.8550724637681159,0.4,0.09967426749908684
0.53125,0.4756258234519104,0.2,0.07675584832569167
0.8125,0.4577451533973273,0.6,0.38999011886983254
0.40625,0.5631469979296067,0.4,0.06244237218190814
0.96875,0.6937699981178241,0.2,0.49584112960699567
0.984375,0.6060606060606061,0.4,0.7418062960559388
0.609375,0.41125541125541126,0.2,0.09592995830356824
0.796875,0.7163561076604555,0.0,0.6962538559885071
0.9375,0.4616977225672878,0.0,0.19805256282770242
0.6875,0.5900621118012422,0.2,0.6202952643472465
0.765625,0.5815923207227555,0.0,0.6229786319415986
1.0,0.481837003576134,0.4,0.23503734360461917
0.6875,0.5175983436853002,0.2,0.1196007810831063
0.53125,0.5217391304347826,0.0,0.06923520725480543
0.890625,0.45134575569358176,0.2,0.348005145998392
0.296875,0.4738377564464521,0.0,0.025592367825163043
0.421875,0.3379446640316205,0.4,0.23532191829803586
0.859375,0.6633728590250328,0.2,0.17867318607636234
0.875,0.5382081686429512,0.0,0.18281381219790246
0.484375,0.5060229625447017,0.2,0.06964377202084267
0.71875,0.7599284773197816,0.4,0.1369479478580655
0.9375,0.5401844532279314,0.2,0.20737971208106368
0.359375,0.5149632975719932,0.2,0.043735905293949745
0.640625,0.5279503105590062,0.2,0.10616507856805271
0.453125,0.4309241483154526,0.0,0.25307595626407337
1.0,0.7188029361942405,0.0,0.2259814235171855
0.578125,0.5793337097684924,0.0,0.5844425443428978
0.53125,0.4023150762281197,0.0,0.07057094315400063
0.28125,0.5900621118012422,0.8,0.07152513543244132
0.84375,0.5947675512892904,0.0,0.15446708305698262
0.953125,0.5942028985507246,0.0,0.19691894333892207
0.53125,0.6258234519104084,0.2,0.08773416887091708
0.71875,0.5797101449275363,0.6,0.14763771067247067
0.65625,0.5328439676265763,0.6,0.5141483225556918
0.75,0.5439488048183699,0.0,0.12980190439841457
0.84375,0.8789760963674007,0.4,0.18093685992182193
0.984375,0.5221155655938264,0.0,0.46296012934663694
0.390625,0.45736871823828346,0.6,0.06886659125623767
0.578125,0.6437041219649916,0.2,0.6123102230688635
0.34375,0.9896480331262939,0.2,0.6978375336138818
0.984375,0.7095802747976662,0.0,0.7656283880099364
0.75,0.7635046113306982,0.4,0.7166648206098499
0.84375,0.479201957462827,0.2,0.4001402284143145
0.9375,0.5900621118012422,0.6,0.7233843011492123
0.71875,0.6293995859213249,0.2,0.12922274253369873
0.6875,0.7163561076604555,0.0,0.7665800142086893
0.46875,0.45925089403350267,0.6,0.28632732396176996
0.296875,0.4255599472990777,0.0,0.02553645868183032
0.78125,0.44306418219461696,0.4,0.15849384919315676
0.3125,0.6267645398080179,0.0,0.029488386054192958
0.6875,0.6025785808394504,0.4,0.12727323782000127
0.296875,0.46132128740824396,0.2,0.04248225995245284
0.28125,0.7204968944099379,0.0,0.025588995572432258
0.3125,0.7617165443252399,0.0,0.03111870755656231
0.390625,0.6273291925465838,0.4,0.5664784576063252
0.296875,0.5239036325992847,0.0,0.02565034767750808
0.953125,0.7359307359307359,0.4,0.22322371739088473
0.59375,0.6549971767363071,0.4,0.10305002185291119
0.921875,0.4648974214191605,0.0,0.19325471671708794
0.359375,0.35224920007528704,0.0,0.338642580329139
0.78125,0.5006587615283268,0.0,0.1324199047037257
0.4375,0.6982872200263505,0.2,0.051389979685977645
0.328125,0.38085827216261997,0.6,0.06054859235686036
0.421875,0.43685300207039335,0.2,0.055854868959660284
0.9375,0.4577451533973273,0.2,0.20562202903740553
0.46875,0.8115942028985507,0.4,0.07454296526368884
0.9375,0.34509693205345376,0.0,0.20705969933163068
0.375,0.5194805194805194,0.0,0.29724153908811124
0.578125,0.4577451533973273,0.4,0.09720417430831667
0.640625,0.5328439676265763,0.2,0.1121766643761311
0.9375,0.5740636175418784,0.0,0.19818269054142418
0.796875,0.43685300207039335,0.2,0.34840780583307235
0.390625,0.8571428571428571,0.4,0.6603724785004779
0.296875,0.6192358366271409,0.0,0.02742296162299193
0.484375,0.5610766045548654,0.0,0.30343796496027314
0.390625,0.5185394315829098,0.0,0.039566450763108184
0.5,0.7735742518351214,0.0,0.06256569266516986
0.40625,0.7980425371729719,0.2,0.05347814192912769
0.640625,0.6135893092414831,0.6,0.12473676668365205
0.421875,0.5702992659514399,0.6,0.06681379023098076
0.59375,0.5507246376811594,0.4,0.10126705436236572
0.671875,0.4366647844908714,0.0,0.09801463146867782
0.59375,0.5320910973084886,0.2,0.08600330076410914
0.3125,0.6964050442311311,1.0,0.07575031485193257
0.546875,0.45416901938641063,0.2,0.08036978674811938
0.78125,0.5149632975719932,0.0,0.4023271610467587
0.296875,0.84472049689441,0.0,0.6229022987546983
0.84375,0.5797101449275363,0.6,0.18982654465015875
0.546875,0.8157349896480331,0.4,0.09168697439325842
0.421875,0.5740636175418784,0.0,0.039109381539808794
0.890625,0.4362883493318276,0.0,0.18551870465954554
0.6875,0.6955580651232824,0.2,0.12581278972664056
0.765625,0.8033126293995859,0.4,0.1536901743620585
0.28125,0.5328439676265763,0.2,0.1767642423261195
0.9375,0.6231884057971014,0.6,0.21828021756129967
0.6875,0.5203274985883681,0.0,0.11637360421724414
0.703125,0.5739695087521174,0.2,0.6229457648264575
0.84375,0.7453416149068323,0.2,0.16387771457894593
0.671875,0.6770186335403726,0.6,0.6605650395414367
0.484375,0.48560135516657255,0.4,0.07738234090613562
0.28125,0.45341614906832295,0.2,0.03451595306299089
0.71875,0.9047619047619048,0.4,0.14792005627625393
0.296875,0.5435723696593261,0.0,0.27831875610458207
0.75,0.557124035384905,0.0,0.3329471499967121
1.0,0.5668172407302842,0.6,0.25804606246988865
0.28125,0.6376811594202899,0.0,0.18006206337833233
0.421875,0.5882740447957838,0.2,0.06203614392206429
0.65625,0.47026162243553543,0.4,0.1257175371120737
0.28125,0.5668172407302842,0.0,0.03455319211052602
0.515625,0.7321663843402973,0.6,0.09365435024308534
0.875,0.7888198757763975,0.0,0.1739618698852136
0.609375,0.4492753623188406,1.0,0.13458122468072797
0.9375,0.6173536608319217,0.0,0.8246899233882058
0.609375,0.6459627329192547,1.0,0.1348090026720835
0.890625,0.7581404103143233,0.0,0.3247433173375058
0.703125,0.7492000752870318,0.0,0.11680028161065496
0.28125,0.6935817805383022,0.0,0.5668690743981099
0.46875,0.41304347826086957,0.2,0.07398732762559045
0.828125,0.6937699981178241,0.6,0.7317097259043471
0.609375,0.46132128740824396,0.4,0.10522419418210205
0.625,0.4952945605119518,0.2,0.10019342898244411
0.6875,0.5157161678900809,0.4,0.1211667263514106
0.34375,0.5972143798230755,0.0,0.035358029895085845
0.59375,0.5686053077357425,0.6,0.118192148542865
0.6875,0.47054394880481837,0.2,0.11954628874067674
0.28125,0.8095238095238094,0.0,0.018023964020121682
0.640625,0.5954263128176172,0.2,0.11538538911556538
0.796875,0.6770186335403726,0.2,0.14718673831902354
0.4375,0.6544325239977414,0.0,0.05577698646529752
0.40625,0.5578769057029926,0.8,0.3868825113755105
0.484375,0.3839638622247317,0.0,0.051123994329922956
0.796875,0.48560135516657255,0.2,0.1546331945342074
0.328125,0.41125541125541126,0.2,0.24084995160439412
0.734375,0.8530020703933747,0.2,0.1343861420948302
0.46875,0.375494071146245,0.6,0.08928010486470624
0.46875,0.8322981366459626,0.4,0.06689881083017055
0.375,0.6276115189158666,0.0,0.04477682899591377
0.5625,0.5631469979296067,0.0,0.07666620646223886
0.453125,0.6276115189158666,0.4,0.30488039843407033
0.6875,0.4166196122717862,0.4,0.13019413400672264
0.4375,0.5175983436853002,0.4,0.31641109774009807
0.734375,0.5614530397139093,0.6,0.15085880713379268
0.484375,0.7432712215320911,0.2,0.06077635388290379
0.734375,0.5560888386975343,0.2,0.14004821401856543
0.609375,0.6117071334462638,0.2,0.0978243081420397
0.8125,0.5872388481084133,0.0,0.1509464543422938
0.296875,0.6230001882175795,0.0,0.36196958449738337
0.296875,0.5757575757575757,0.4,0.37728585083711746
0.796875,0.658008658008658,0.4,0.70002975976576
0.53125,0.5797101449275363,0.0,0.5565532662637056
0.53125,0.6173536608319217,0.2,0.22515709582109794
0.375,0.5217391304347826,0.0,0.03864830262098158
0.390625,0.48635422548466023,0.2,0.05190168395107813
0.5625,0.5060229625447017,0.0,0.08260597136299509
0.578125,0.5797101449275363,0.0,0.07286698780305081
0.78125,0.5292678336156597,0.6,0.17383585379514216
0.484375,0.48748353096179176,0.6,0.3010791145543073
0.703125,0.4738377564464521,0.4,0.14262203553932207
0.765625,0.5401844532279314,0.2,0.1364810660928164
0.8125,0.606154714850367,0.6,0.1801511658067982
0.28125,0.7366836062488236,0.0,0.20213221162603265
0.40625,0.6192358366271409,0.4,0.5658613267319044
0.671875,0.7163561076604555,0.4,0.6674007330376704
0.953125,0.7223790702051571,0.0,0.20307329908416588
0.875,0.7060041407867494,0.4,0.1923384754149151
0.71875,0.7971014492753623,0.6,0.7237073035288852
0.3125,0.598343685300207,0.4,0.04792798473174306
0.578125,0.5614530397139093,0.4,0.10046052535503439
0.78125,0.481837003576134,0.0,0.14006623883094116
0.515625,0.7991718426501035,0.2,0.1776170432512046
0.734375,0.6276115189158666,0.0,0.32740543040931047
0.515625,0.5100696405044232,0.2,0.2985847295397508
0.484375,0.5203274985883681,0.4,0.07889659371913003
0.46875,0.525691699604743,0.0,0.06488152626717802
0.28125,0.4076792772444946,0.0,0.22398249228874823
0.90625,0.6204592508940335,0.0,0.19493288249611043
0.28125,0.7018633540372671,0.0,0.017899285540642868
0.359375,0.94824016563147,0.2,0.03823175217857534
0.984375,0.6919819311123658,0.0,0.2192528854880427
0.90625,0.6097308488612837,0.2,0.2041567142682253
0.6875,0.5610766045548654,0.4,0.12888738803369998
0.34375,0.7492000752870318,0.0,0.043202171225320586
0.875,0.6738189346884998,0.2,0.18306494662650452
0.4375,0.48814229249011853,0.2,0.06482066655334025
0.3125,0.4103143233578016,0.0,0.31624903045715025
0.578125,0.5552418595896856,0.4,0.09897929490155229
0.84375,0.4523809523809524,0.0,0.16344435775725943
0.84375,0.6004140786749482,0.6,0.4284546099598932
0.59375,0.375494071146245,0.2,0.0918278688529693
0.328125,0.4166196122717862,0.0,0.04054936952272778
0.96875,0.4027856201769245,0.0,0.2031838017139882
0.78125,0.681347637869377,0.0,0.13262915529865515
0.921875,0.6041784302653868,0.6,0.21965074466496431
1.0,0.6770186335403726,0.0,0.22445899685282666
0.609375,0.5632411067193676,0.2,0.35223291501944554
0.296875,0.5194805194805194,0.0,0.019639306792853996
0.921875,0.6919819311123658,0.2,0.7510815411571203
0.75,0.5270092226613966,0.2,0.36957995634440777
0.78125,0.8674948240165632,0.2,0.14974911409568253
0.46875,0.6273291925465838,0.2,0.06509331722454594
0.890625,0.5453604366647845,0.0,0.42681910878396184
0.609375,0.34443817052512704,1.0,0.2983084886464446
1.0,0.4648974214191605,0.2,0.47305026971544706
0.328125,0.4470167513645774,0.4,0.04825270264012455
0.4375,0.6231884057971014,0.0,0.04973488494545859
0.625,0.7795972143798231,0.2,0.4465507897412025
1.0,0.5891210239036326,0.4,0.7415828382488536
0.5,0.5928853754940712,0.2,0.06392456703224188
0.921875,0.6097308488612837,0.6,0.2287993432898397
0.359375,0.4488048183700357,0.0,0.037559282958307995
0.5,0.6240353849049501,0.6,0.09610720268396078
0.953125,0.6273291925465838,0.8,0.5736245357215378
0.34375,0.6977225672877847,0.4,0.5878030063420927
0.421875,0.5721814417466591,0.6,0.29488201642697426
0.5625,0.6625258799171843,0.2,0.6070082514410898
0.578125,0.5797101449275363,0.4,0.09900763091961565
0.296875,0.6231884057971014,0.0,0.5400599772452429
0.5,0.6991341991341992,0.6,0.09933042238648132
0.640625,0.6438923395445134,0.2,0.09863121663561185
0.453125,0.732919254658385,0.2,0.05443604047091607
0.859375,0.6149068322981367,0.2,0.16947489043519123
0.375,0.3862224731789949,0.0,0.2285054570703986
0.625,0.6168831168831168,0.4,0.6273022386446422
0.46875,0.7044984001505741,0.6,0.08512923418278937
0.734375,0.4917184265010352,0.2,0.36696171690004
0.6875,0.7438358742706569,0.0,0.10896431177959721
0.296875,0.4237718802936194,0.0,0.03320251903700528
0.46875,0.5910031996988518,0.2,0.05738311807200304
0.390625,0.5044231131187653,0.6,0.06125295253447993
0.296875,0.6687370600414079,0.0,0.025818075107506243
0.734375,0.8944099378881988,0.2,0.12676596429198092
0.640625,0.6973461321287407,0.4,0.11393529456726631
0.328125,0.4837191793713532,0.8,0.281354642894767
0.796875,0.7652926783361566,0.0,0.15486300951988857
0.453125,0.5119518162996424,0.0,0.04494388840467812
0.4375,0.5507246376811594,0.4,0.06959751625477603
0.5625,0.48635422548466023,0.0,0.08258319356385954
0.28125,0.727743271221532,0.4,0.05321206797401264
0.71875,0.419725202333898,0.0,0.11207553756545657
0.796875,0.6079427818558253,0.2,0.15624891208880565
0.8125,0.34509693205345376,0.0,0.15667195535261705
0.96875,0.6150950498776585,0.0,0.21710372083168333
0.3125,0.5859213250517598,0.4,0.040245467689154366
0.296875,0.5721814417466591,0.0,0.019700338216375096
0.28125,0.4952945605119518,0.0,0.03447036375003311
0.890625,0.6329757199322417,0.2,0.18731460761290253
0.671875,0.4899303594955769,0.0,0.10721848532877676
0.28125,0.6625258799171843,0.2,0.027089985968560538
0.96875,0.49482401656314695,0.0,0.43607555990747376
0.28125,0.49275362318840576,0.4,0.03612963362326349
0.8125,0.6168831168831168,0.6,0.17702734013686916
0.5,0.8322981366459626,0.0,0.06263369910852194
0.703125,0.5383022774327122,0.4,0.13355452151998187
0.984375,0.4345002823263693,0.0,0.22662283445445547
0.828125,0.5435723696593261,0.0,0.15477095744836916
0.5,0.5445134575569358,0.0,0.06230042394222281
0.28125,0.6273291925465838,0.0,0.01781296967023446
0.921875,0.5024468285337851,0.6,0.22553885082509734
0.328125,0.41200828157349895,0.4,0.04987437279707855
0.296875,0.38772821381517036,0.0,0.027154859298238538
0.59375,0.5239036325992847,0.4,0.10123599372718088
0.453125,0.481837003576134,0.8,0.08952216847446559
0.671875,0.47204968944099374,0.0,0.11486590930284082
0.296875,0.4809900244682853,0.0,0.025600650661212334
0.96875,0.7370600414078674,0.0,0.21123904637879504
0.5,0.6329757199322417,0.2,0.5897330294553248
0.3125,0.5453604366647845,0.0,0.03540003290625554
0.796875,0.6973461321287407,0.6,0.7253379653143714
0.4375,0.5435723696593261,0.2,0.06802110845672525
0.90625,0.4738377564464521,0.0,0.18709495329291265
0.296875,0.5401844532279314,0.0,0.019663283423523
0.75,0.7760210803689064,0.8,0.17302160334049796
0.5625,0.6365518539431583,0.2,0.08432525808289615
0.71875,0.7420478072651985,0.2,0.1308272346657565
0.859375,0.5614530397139093,0.0,0.17698703070065844
0.34375,0.7434594391116129,0.0,0.02638522356688821
0.828125,0.4027856201769245,0.2,0.15783825378154304
0.5,0.7027103331451158,0.2,0.07319392068794113
0.640625,0.6790890269151139,0.2,0.10634010797193644
0.59375,0.36655373611895353,0.4,0.10872190239828375
0.75,0.6884057971014493,0.0,0.13597511449413902
0.984375,0.7491059664972708,0.6,0.2378856387418498
0.53125,0.4970826275174101,0.2,0.08444882789802684
0.8125,0.5684170901562206,0.2,0.1524927823673235
0.875,0.6043666478449087,0.2,0.1844585533933599
0.828125,0.7805383022774327,0.0,0.14903946228037868
0.609375,0.4970826275174101,0.0,0.3159665620691825
0.5,0.6625258799171843,0.4,0.0732414717252264
0.75,0.6901938641069075,0.2,0.4464282254077975
0.90625,0.6790890269151139,0.0,0.17819048036212168
0.28125,0.5703933747412008,0.0,0.03455733352855067
0.8125,0.7867494824016562,0.4,0.7412503800756597
0.484375,0.722567287784679,0.4,0.06998863327842356
0.75,0.5859213250517598,0.0,0.12985051156786173
0.296875,0.5326557500470543,0.0,0.2678526792594441
0.515625,0.5024468285337851,0.0,0.07168546915324366
0.828125,0.5864859777903256,0.2,0.1640569104908537
0.953125,0.675889328063241,0.0,0.21382384163803575
0.40625,0.5631469979296067,0.2,0.053206116155719366
0.296875,0.4899303594955769,0.2,0.2579705862632801
0.328125,0.6512328251458687,0.0,0.03167889981361283
0.328125,0.6563146997929605,0.0,0.03168478498659523
0.625,0.427348014304536,0.4,0.1124872479901676
0.46875,0.6098249576510445,0.2,0.06507304607316214
0.546875,0.5439488048183699,0.6,0.09294035158538681
0.5,0.8757763975155279,0.4,0.07348843102111711
0.453125,0.525879917184265,0.0,0.04496001813803727
0.734375,0.681347637869377,0.2,0.12651922296545992
0.4375,0.4989648033126294,0.4,0.06806353721382212
0.6875,0.38085827216261997,0.2,0.30727110137832675
0.390625,0.5024468285337851,0.8,0.07649283848675238
0.28125,0.5031055900621118,0.0,0.025337240950407725
0.90625,0.6024844720496894,0.2,0.18733802285483514
0.90625,0.4743083003952569,0.0,0.18562146075205554
0.765625,0.5793337097684924,0.2,0.15333670331437374
0.484375,0.6832298136645962,0.4,0.6070368540403968
0.375,0.5632411067193676,0.0,0.04470228347147015
0.90625,0.6293995859213249,0.0,0.19180698611716906
0.5,0.559664972708451,0.0,0.06832388908095081
0.515625,0.35940146809712026,0.4,0.2630734115093169
0.28125,0.7577639751552794,0.0,0.025632153507636462
0.921875,0.7039337474120082,0.0,0.3418042042399646
0.78125,0.5829098437794089,0.6,0.1662298440013246
0.65625,0.7598343685300206,0.4,0.6883500341744061
0.765625,0.5614530397139093,0.2,0.14564786516006323
0.3125,0.4596273291925466,0.0,0.40968322755969533
0.65625,0.47619047619047616,0.2,0.11048222851656535
0.65625,0.6770186335403726,0.4,0.11228292679605616
0.921875,0.5900621118012422,0.0,0.19793154748813485
0.75,0.42913608130999437,0.0,0.12966894308288648
0.5,0.5608883869753435,0.4,0.08079189932976584
0.3125,0.6097308488612837,0.2,0.03704270339270065
0.28125,0.6240353849049501,0.0,0.03461945479892036
0.296875,0.4631093544137022,0.2,0.04248433066146516
0.296875,0.5383022774327122,1.0,0.07351051492495697
0.296875,0.6615847920195745,0.0,0.033477923335644234
0.46875,0.5346320346320347,0.2,0.07099188591442543
0.578125,0.6418219461697723,0.8,0.6301078298188452
0.71875,0.7184265010351967,0.4,0.13089396700757694
0.34375,0.4738377564464521,0.0,0.03207890104923258
0.84375,0.7635046113306982,0.6,0.7613117845529731
0.375,0.5364201016374929,0.4,0.05547560382447557
0.875,0.6794654620741577,0.6,0.19387586669578635
0.28125,0.4470167513645774,0.0,0.0267463235425131
0.609375,0.43807641633728583,0.6,0.1252379119793209
0.34375,0.5838509316770186,0.6,0.5581833290254562
1.0,0.4327122153209109,0.0,0.4239882802066205
0.34375,0.4362883493318276,0.0,0.04283979714816407
0.359375,0.8046301524562394,0.2,0.6414289628663886
0.421875,0.5364201016374929,0.0,0.28713531602969083
0.40625,0.37267080745341613,0.2,0.05298553115356454
0.390625,0.4237718802936194,0.2,0.056361090275831124
0.78125,0.6977225672877847,0.2,0.14188437466000942
0.5625,0.5435723696593261,0.6,0.10582634319063589
0.40625,0.6437041219649916,0.4,0.06253566307214753
0.96875,0.7170148691887822,0.4,0.23883051322176627
0.703125,0.4837191793713532,0.6,0.14272756642895237
0.53125,0.5507246376811594,0.6,0.09697754261630837
0.84375,0.5650291737248259,0.0,0.38382176933424034
0.390625,0.6490683229813664,0.0,0.047385743585195046
0.390625,0.5382081686429512,0.0,0.050393609550433996
0.6875,0.4970826275174101,0.0,0.11634668500008394
0.34375,0.6043666478449087,0.0,0.032230062807132163
0.859375,0.7681159420289855,0.6,0.19579296061870669
0.890625,0.44607566346696775,0.0,0.1718559893981179
0.5625,0.6480331262939958,0.4,0.08756889163617203
0.296875,0.5757575757575757,0.0,0.02571039823886545
0.46875,0.7308488612836438,0.2,0.2973662324647772
0.28125,0.7494824016563146,0.0,0.02562256285536886
0.703125,0.4575569358178053,1.0,0.1535016496747518
0.296875,0.6549971767363071,0.0,0.5453878245030145
0.921875,0.4988706945228684,0.0,0.20096219125250933
0.28125,0.5859213250517598,0.0,0.02543314747308374
0.46875,0.5203274985883681,0.2,0.06644343910214254
0.796875,0.38772821381517036,0.0,0.1452835944357652
0.65625,0.681253529079616,0.2,0.11672562474933904
0.34375,0.6775832862789384,0.0,0.03397706535167412
0.78125,0.6079427818558253,0.4,0.15101665929684263
0.640625,0.6437041219649916,0.4,0.11387317329689661
0.53125,0.7929606625258799,0.4,0.08035368210475963
0.34375,0.5279503105590062,0.0,0.03380377970274815
0.765625,0.5702992659514399,0.0,0.12727968516578253
0.296875,0.5739695087521174,0.0,0.03337645859404041
0.59375,0.5194805194805194,0.0,0.08442057185433653
0.40625,0.5486542443064182,0.2,0.04552120145006378
0.765625,0.6004140786749482,1.0,0.1811639714600686
0.71875,0.5684170901562206,0.4,0.1383883764840988
0.671875,0.3788819875776397,0.4,0.2943015796766643
0.671875,0.658008658008658,0.2,0.6434678687363573
0.953125,0.8281573498964803,0.0,0.2048580103296691
0.65625,0.4398644833427442,0.0,0.31307217033056883
0.453125,0.4630152456239413,0.4,0.07102785948511622
0.375,0.639751552795031,0.0,0.038784969415794894
0.703125,0.6342932429888952,0.2,0.11676129880816209
0.421875,0.7929606625258799,0.0,0.6211618603812472
0.34375,0.45736871823828346,0.0,0.03372204118910382
0.328125,0.6937699981178241,0.0,0.030065948431447574
0.9375,0.7163561076604555,0.0,0.19834747538493117
0.53125,0.5031055900621118,0.2,0.0784498843133921
0.734375,0.732919254658385,0.4,0.6931528449686502
0.296875,0.6007905138339921,0.0,0.5292467504641419
0.859375,0.5627705627705627,0.0,0.1601782568935905
0.40625,0.5093167701863354,0.0,0.2672608908525342
0.75,0.5684170901562206,0.4,0.1406346214046682
0.765625,0.6894409937888198,0.6,0.16279455891956776
0.9375,0.6955580651232824,0.0,0.1997974272338587
0.828125,0.4470167513645774,0.4,0.18393603220227156
0.640625,0.5420666290231507,0.2,0.0985132952065943
0.546875,0.7265198569546396,0.2,0.07467926982163593
0.4375,0.6851119894598154,0.2,0.8027946610609552
0.421875,0.43478260869565216,0.0,0.03894808420621732
0.828125,0.5006587615283268,0.0,0.1623893914962607
0.453125,0.41125541125541126,0.0,0.2527081125670494
0.453125,0.4237718802936194,0.6,0.08169270636200016
0.765625,0.6935817805383022,0.0,0.12742245510294795
0.90625,0.6230001882175795,0.0,0.18579365655413294
0.625,0.5399962356484096,0.6,0.12638583982431703
0.890625,0.34509693205345376,0.0,0.18088121735973273
0.8125,0.6919819311123658,0.4,0.4150371605762098
0.609375,0.49350649350649345,0.2,0.0960252109181351
0.453125,0.5453604366647845,0.2,0.06336100252246056
0.4375,0.45134575569358176,0.6,0.27698017327451835
0.515625,0.7980425371729719,1.0,0.10453502051067698
0.390625,0.6705251270468662,0.0,0.039742461029155636
0.8125,0.6418219461697723,0.0,0.1433415343953248
0.703125,0.4023150762281197,0.0,0.11326231413826134
0.96875,0.6025785808394504,0.0,0.7167931794786145
0.9375,0.75098814229249,0.0,0.7554184988760905
0.78125,0.5238095238095237,0.6,0.3096950106231535
0.34375,0.5900621118012422,0.2,0.041449753161222354
0.96875,0.5650291737248259,0.0,0.209377609915151
0.28125,0.7581404103143233,0.0,0.03477475797484458
0.3125,0.41407867494824013,0.2,0.03081020562841287
0.65625,0.6240353849049501,0.2,0.11979561198494769
0.90625,0.6955580651232824,0.4,0.7448043855461022
0.671875,0.37728213815170336,0.4,0.31045823538922174
0.296875,0.7044984001505741,0.0,0.03352762035193999
0.328125,0.32749858836815354,0.2,0.040540248523886296
0.53125,0.652644456992283,0.0,0.07086084241572585
0.296875,0.611518915866742,0.0,0.5786182440897811
0.90625,0.42857142857142855,0.0,0.18556849419521404
0.3125,0.5138339920948617,0.0,0.25455132585051
0.359375,0.536231884057971,0.2,0.2874096767411676
0.8125,0.7039337474120082,0.0,0.1510815953515191
0.6875,0.6459627329192547,0.2,0.11208130512906682
0.90625,0.5458309806135893,0.0,0.18570428911254847
0.609375,0.6173536608319217,0.0,0.08859459119694248
0.28125,0.40589121023903635,0.0,0.21558381806445082
0.78125,0.5668172407302842,0.2,0.15540682663202343
0.953125,0.6832298136645962,0.2,0.7433520752372318
0.578125,0.8757763975155279,0.6,0.10091862170018388
0.296875,0.7622811970638057,0.0,0.027588618343977772
0.59375,0.6973461321287407,0.2,0.09533684639919042
0.515625,0.4166196122717862,0.2,0.08395858107084389
0.640625,0.6240353849049501,0.6,0.1338910325121401
0.359375,0.7888198757763975,0.0,0.02881087609623525
0.671875,0.6645962732919255,0.4,0.2949038615053824
0.546875,0.5834744965179748,0.2,0.08218174416483738
0.4375,0.6286467156032373,0.0,0.049741206057180416
1.0,0.6956521739130435,0.4,0.777439699671227
0.5,0.3862224731789949,0.0,0.07125928023075848
0.796875,0.6964050442311311,0.0,0.13797293313791575
0.96875,0.5631469979296067,0.0,0.21103764268117542
0.296875,0.5345379258422737,0.2,0.02889300036862023
0.3125,0.559664972708451,0.0,0.027748467514166836
0.53125,0.7027103331451158,0.4,0.09392321546063274
0.8125,0.8799171842650103,1.0,0.1974666768431495
0.71875,0.5217391304347826,0.2,0.12909806405421992
0.515625,0.808206286467156,0.6,0.0997483284729172
0.546875,0.4596273291925466,0.6,0.30362033632522895
0.28125,0.6007905138339921,0.0,0.03459253558176016
0.28125,0.4327122153209109,0.0,0.026729757870414518
0.59375,0.7635046113306982,0.2,0.09994534377283067
0.9375,0.6107660455486543,0.0,0.7057966663316424
0.828125,0.5383022774327122,0.6,0.1764677037801177
0.875,0.6480331262939958,0.0,0.1661306977324771
0.421875,0.6335403726708073,0.0,0.039178259860639754
0.484375,0.5507246376811594,0.2,0.06822150228186935
0.796875,0.33973273103707885,0.0,0.15123393085095274
1.0,0.7370600414078674,0.2,0.22609665404376825
0.34375,0.38085827216261997,0.0,0.03963935524477907
0.9375,0.5382081686429512,0.0,0.4745145438769025
0.859375,0.6376811594202899,0.6,0.18797377678130467
0.890625,0.5990024468285338,0.0,0.1857071391796669
0.421875,0.4899303594955769,0.0,0.048154117760013444
0.328125,0.6935817805383022,0.0,0.02405981185761215
0.875,0.598343685300207,0.4,0.6870561711320087
0.46875,0.4327122153209109,0.4,0.27225418805841256
0.8125,0.7223790702051571,0.4,0.17871763693059772
0.9375,0.48635422548466023,0.0,0.4535509298363889
0.71875,0.6293995859213249,0.2,0.13069677999798013
0.6875,0.45134575569358176,0.4,0.12876031189115428
0.796875,0.8074534161490683,0.4,0.7442774885023075
0.984375,0.6832298136645962,0.0,0.21776871244806936
0.78125,0.8426501035196687,0.2,0.14205221107469243
0.375,0.6024844720496894,0.0,0.0310736804164034
0.71875,0.5739695087521174,0.6,0.6385491256796099
0.90625,0.531055900621118,0.0,0.19169309712149132
0.34375,0.6549971767363071,0.6,0.053991546041686975
0.9375,0.5185394315829098,0.0,0.207260558105826
0.421875,0.35582533408620365,0.6,0.07570758266265555
0.5625,0.5382081686429512,0.6,0.10268388113959595
0.296875,0.5693581780538302,0.0,0.5103986520977405
0.40625,0.4255599472990777,0.0,0.04981644312473229
0.4375,0.7080745341614906,0.2,0.05906944515739028
1.0,0.6204592508940335,0.0,0.23039941566169206
0.796875,0.6418219461697723,0.0,0.14557785308488475
0.546875,0.6459627329192547,0.6,0.09305849098377408
0.703125,0.6741012610577827,0.0,0.12124519297232171
0.984375,0.4076792772444946,0.0,0.22659177381927062
0.625,0.557124035384905,0.0,0.09269098835392935
0.875,0.41596085074345945,0.0,0.16586194149961453
0.390625,0.4416525503482025,0.0,0.050281791263768555
0.875,0.375494071146245,0.0,0.3514583357741525
0.5625,0.5590062111801242,0.0,0.06899328007191777
0.734375,0.5608883869753435,0.6,0.39688441476402125
0.375,0.4756258234519104,0.0,0.0477370686538693
0.75,0.5435723696593261,0.2,0.14504364309032963
0.515625,0.6293995859213249,1.0,0.10433971995540946
0.75,0.5918501788067005,0.2,0.14056767109347804
0.53125,0.5239036325992847,0.2,0.3137760600706998
0.484375,0.5364201016374929,1.0,0.10662399817880726
0.984375,0.6335403726708073,0.6,0.23775180554884282
0.734375,0.5238095238095237,0.0,0.36169461958735877
0.34375,0.375494071146245,0.6,0.06281003005612412
0.609375,0.557124035384905,0.8,0.11780173403920045
0.40625,0.611518915866742,0.2,0.05473617174801835
0.984375,0.47204968944099374,0.0,0.22353006941971126
0.5,0.6997929606625258,0.4,0.07328462966043059
0.296875,0.6662902315076228,0.0,0.019809322901234203
0.5625,0.5221155655938264,0.0,0.08576085766810897
0.859375,0.6097308488612837,0.2,0.18627919587017994
0.375,0.6154714850367025,0.0,0.540577224832084
0.515625,0.34820252211556557,0.2,0.07473718067648265
0.28125,0.7184265010351967,0.0,0.5693516482954526
0.890625,0.5417843026538679,0.8,0.22572215052003067
0.71875,0.6687370600414079,0.0,0.6603635260750699
0.796875,0.7472237907020516,0.2,0.14726804089392842
0.796875,0.6273291925465838,0.6,0.1656017064577955
0.421875,0.4658385093167702,0.0,0.2599602984850658
0.59375,0.722567287784679,0.6,0.6578165681030372
0.71875,0.37370600414078675,0.0,0.11802816265902619
0.828125,0.7453416149068323,0.2,0.16590308909861742
0.5,0.556935817805383,0.2,0.07155106594681299
0.953125,0.5631469979296067,0.6,0.48521223340617814
0.65625,0.5458309806135893,0.2,0.11056287718336108
0.8125,0.6490683229813664,0.6,0.9412105397910752
0.421875,0.8639186900056465,0.4,0.05791756642155239
0.28125,0.43685300207039335,0.0,0.017592384668079632
0.28125,0.7184265010351967,0.0,0.025586597909365356
0.671875,0.48033126293995854,1.0,0.22703830916313775
0.390625,0.47026162243553543,0.4,0.3644553636421484
0.71875,0.6512328251458687,0.2,0.653305980531712
0.296875,0.5251270468661773,0.0,0.2647767080589804
0.34375,0.7080745341614906,0.2,0.5827962107165415
0.984375,0.50781102955016,0.0,0.453979534141753
0.421875,0.404103143233578,0.0,0.052586604867606246
0.578125,0.427348014304536,0.6,0.10954147820529893
1.0,0.7402597402597402,0.0,0.23367440308952067
0.859375,0.6982872200263505,0.0,0.1680033259039749
0.28125,0.5134575569358178,0.6,0.28576648720536
0.3125,0.5417843026538679,0.0,0.03853214141223387
0.828125,0.5900621118012422,0.0,0.4288201118190989
0.59375,0.7101449275362318,0.0,0.08464137482586107
0.828125,0.6888763410502541,0.6,0.17664207927589223
0.59375,0.39751552795031053,0.6,0.10431996471713817
0.9375,0.4577451533973273,0.0,0.19638577301121674
0.390625,0.5757575757575757,0.0,0.0427689633755055
0.375,0.44522868435911916,0.0,0.03689748561246954
0.71875,0.5439488048183699,0.4,0.13836004046603545
0.421875,0.37728213815170336,0.6,0.2574938739226442
0.625,0.7846790890269151,0.0,0.08528638225773137
0.28125,0.47204968944099374,0.0,0.03444344453287291
0.578125,0.5578769057029926,0.0,0.07884762196062921
0.84375,0.8923395445134574,0.0,1.0
0.859375,0.40466779597214375,0.2,0.16923141864921598
0.28125,0.43892339544513453,0.2,0.02683103835733531
0.640625,0.5578769057029926,1.0,0.1446187972668744
0.375,0.6329757199322417,0.8,0.2685951249584533
0.28125,0.4345002823263693,0.0,0.02673182857942684
0.890625,0.7152268021833239,0.4,0.19830832871337975
0.796875,0.6848296630905326,0.6,0.17934234576889738
0.3125,0.577545642763034,0.0,0.5249426449631258
0.296875,0.5439488048183699,0.0,0.02733577387510465
0.28125,0.6311876529267832,0.0,0.5428510005385487
0.875,0.7494824016563146,0.0,0.17391631428694249
0.84375,0.5203274985883681,0.2,0.17729118186610082
0.90625,0.5703933747412008,0.0,0.1872067715795781
0.546875,0.5213626952757388,0.6,0.10058232632520792
0.40625,0.44607566346696775,0.4,0.054638664169756136
0.734375,0.4577451533973273,0.0,0.13383431892070188
0.71875,0.48560135516657255,1.0,0.15833310697580183
0.484375,0.5477131564088086,0.0,0.05898175874576508
0.390625,0.44984001505740634,1.0,0.0796622534696392
0.796875,0.6437041219649916,0.2,0.1548162888047707
0.6875,0.8260869565217391,0.4,0.724489180043689
0.875,0.6335403726708073,0.8,0.20305893819576387
0.734375,0.47826086956521735,0.2,0.3446531187865552
0.578125,0.6419160549595331,0.2,0.09584933237458446
0.28125,0.7950310559006211,0.0,0.6083177863243574
0.484375,0.5846979107848673,0.6,0.08507114534575946
0.28125,0.5972143798230755,0.0,0.5289706804964566
0.953125,0.6794654620741577,0.6,0.438154305246602
0.703125,0.598343685300207,0.0,0.28115388165794436
0.671875,0.64746847355543,0.6,0.13363565630551583
0.34375,0.6356107660455487,0.0,0.026260327118039675
0.28125,0.5668172407302842,0.0,0.33471386920365126
0.984375,0.6935817805383022,0.0,0.2177807007634039
0.3125,0.505175983436853,0.2,0.26791834606035286
0.6875,0.577639751552795,0.4,0.12123843827404789
0.65625,0.4917184265010352,0.4,0.12121050448003727
0.28125,0.3913043478260869,0.0,0.025207767144795112
0.921875,0.6549971767363071,0.4,0.5788044581449564
0.703125,0.6866177300959909,0.4,0.6705381088753963
0.578125,0.5608883869753435,0.0,0.32022059890828697
0.84375,0.6004140786749482,0.2,0.1713780092284502
0.359375,0.4989648033126294,0.0,0.028475203266869212
0.4375,0.4479578392621871,0.4,0.0603363364504412
0.578125,0.6977225672877847,0.2,0.6252381479037213
0.78125,0.5990024468285338,0.0,0.6444548520758783
0.984375,0.6625258799171843,0.2,0.22698099184358914
0.3125,0.6705251270468662,0.6,0.587503407443415
0.953125,0.6383399209486166,0.0,0.20611222568458967
0.46875,0.5815923207227555,0.6,0.08351286272008196
0.703125,0.5739695087521174,0.4,0.1319336142558219
0.75,0.7556935817805382,0.0,0.12237898887516029
0.90625,0.7349896480331262,0.0,0.18592334832911528
0.375,0.5514775079992471,0.0,0.03101461071720977
0.28125,0.5962732919254659,0.4,0.5379165276203076
0.78125,0.5194805194805194,0.2,0.384508380532665
0.625,0.5627705627705627,0.4,0.10350190842321115
0.828125,0.7163561076604555,0.6,0.3208853742802408
0.5,0.5936382458121588,0.2,0.08073573850237672
0.75,0.7018633540372671,0.4,0.14078916168779843
0.8125,0.4362883493318276,0.0,0.1599138114362485
0.28125,0.6935817805383022,0.0,0.025557825952562552
0.296875,0.525691699604743,0.6,0.2954144146099483
0.4375,0.5811217767739506,0.0,0.04802395633160499
0.984375,0.6230001882175795,0.0,0.21003083118557225
0.453125,0.7018633540372671,0.4,0.06363633155110135
0.296875,0.3880105401844532,0.4,0.04396548584494909
0.984375,0.5918501788067005,0.0,0.2191369257833526
0.75,0.4865424430641822,0.6,0.37918725425848054
0.34375,0.4005270092226614,0.6,0.06737090112248095
0.375,0.43685300207039335,0.0,0.3933134624103019
0.359375,0.5910031996988518,0.0,0.5357698554985753
0.28125,0.4917184265010352,0.0,0.026798091267821178
0.65625,0.6186711838885751,0.0,0.11055314383172195
0.296875,0.5608883869753435,0.0,0.02735539111837929
0.671875,0.670807453416149,0.2,0.11519017245498334
0.546875,0.5274797666102014,0.0,0.3173078083594941
0.375,0.42537172971955584,0.0,0.03853670230368585
0.9375,0.5439488048183699,0.0,0.190479684378082
0.34375,0.5435723696593261,0.0,0.03529590862471616
0.984375,0.7778091473743648,0.6,0.2439247976751975
0.359375,0.3272162619988707,0.2,0.043518480847655826
0.421875,0.4738377564464521,0.0,0.055803612443089824
0.578125,0.6549971767363071,0.4,0.6246863984314663
0.921875,0.598343685300207,0.4,0.202739600524127
0.28125,1.0,0.0,0.01824454902227651
0.5,0.5435723696593261,0.0,0.06063712163565264
0.71875,0.6079427818558253,0.4,0.1475763185802083
0.5,0.5445134575569358,0.2,0.3092294550211848
0.375,0.44042913608130996,0.0,0.030886008789076026
0.34375,0.6700545830980613,0.0,0.5580263001280114
0.8125,0.7062864671560323,0.4,0.5248823464812119
0.9375,0.6606437041219649,0.0,0.19828295645149457
0.375,0.7556935817805382,0.0,0.5978671884407194
0.40625,0.5417843026538679,0.0,0.05308728913453627
0.46875,0.7349896480331262,0.6,0.6418716445431616
0.671875,0.6128364389233955,0.6,0.6420105161216715
1.0,0.5990024468285338,0.4,0.2519833291299247
0.390625,0.6335403726708073,0.8,0.0706387355482954
0.296875,0.5328439676265763,0.0,0.27393549714392135
0.59375,0.375494071146245,0.4,0.11186850586734834
0.3125,0.6211180124223602,0.0,0.02948184697310141
0.890625,0.6401279879540749,0.0,0.17808663442276307
0.546875,0.5196687370600414,0.2,0.07443972148431562
0.625,0.46997929606625255,0.4,0.10339444952394009
0.921875,0.6625258799171843,0.0,0.19200954709101067
0.875,0.5024468285337851,0.2,0.40942690624415645
0.84375,0.587991718426501,0.0,0.16212736722386004
0.515625,0.5693581780538302,0.0,0.05808890759552548
0.515625,0.427348014304536,0.0,0.3447439713992912
0.921875,0.5614530397139093,0.6,0.47333752715704874
0.65625,0.5063052889139845,0.0,0.0936127165253442
0.890625,0.7929606625258799,0.2,0.7632929434371534
0.625,0.6079427818558253,0.4,0.10956013967640924
0.75,0.6079427818558253,0.2,0.13745005755058598
0.375,0.5665349143610013,0.6,0.06640894740954083
0.515625,0.6728778467908902,0.4,0.07668130280124805
0.65625,0.5006587615283268,0.0,0.3347743878503098
0.40625,0.756352343308865,0.0,0.05019952429201204
0.609375,0.6418219461697723,0.6,0.11633169529357217
0.640625,0.6060606060606061,0.4,0.10782366081848727
0.484375,0.6168831168831168,0.4,0.08354029314597977
0.671875,0.4756258234519104,0.2,0.3414018531690893
0.71875,0.6276115189158666,0.2,0.1306947092889678
0.59375,0.5445134575569358,0.2,0.09368581780669782
0.640625,0.5947675512892904,0.0,0.09700620166811391
0.75,0.6231884057971014,0.0,0.6425261077685529
0.953125,0.8168642951251647,0.0,0.19717680110329874
0.796875,0.6383399209486166,0.0,0.15471598918001367
0.828125,0.502540937323546,0.4,0.17485816463786974
0.453125,0.5972143798230755,0.4,0.06952105918600372
0.59375,0.5834744965179748,0.2,0.0860628064020422
0.609375,0.455957086391869,1.0,0.14059488119781868
0.296875,0.5131752305665349,0.4,0.3527286916824945
0.484375,0.5846979107848673,0.0,0.0681667582553834
0.3125,0.5274797666102014,0.2,0.27536869828200483
0.765625,0.5100696405044232,0.2,0.40991351502142753
0.4375,0.6211180124223602,0.4,0.06820499933476924
0.296875,0.329004329004329,0.0,0.025424640395164882
0.734375,0.44419348767174854,0.2,0.13391271262380225
0.578125,0.8959156785243741,0.4,0.7231174768463028
0.515625,0.5320910973084886,0.2,0.07495013675069732
0.421875,0.4536043666478449,0.0,0.046638012207376435
0.828125,0.5288913984566158,0.6,0.18412493637581906
0.390625,0.5684170901562206,0.0,0.5316046019745069
0.453125,0.6687370600414079,0.0,0.05279358795384067
0.40625,0.554300771692076,0.0,0.04543365303343524
0.578125,0.49689440993788814,0.0,0.30639974686912874
0.703125,0.3830227743271222,0.6,0.13494282175196584
0.28125,0.7743271221532091,0.0,0.017983203747984376
0.390625,0.6066252587991717,0.2,0.2856835363743076
0.828125,0.6794654620741577,0.2,0.1581586687550288
0.65625,0.5548654244306418,0.4,0.11980959573929632
0.78125,0.47741389045736865,0.4,0.4749010455951619
0.875,0.5006587615283268,0.2,0.18887033341082948
